0 3
1 6
4 10
5 12
8 16
11 17
15 19
20 22
21 24
23 29
26 35
30 38
31 42
33 45
34 47
36 52
40 55
41 57
43 59
44 61
46 63
50 66
51 68
56 70
58 73
60 75
64 77
65 79
67 82
69 84
71 86
76 90
78 95
80 97
81 100
83 102
85 104
88 108
91 113
98 118
99 120
101 122
103 124
109 128
114 129
115 131
116 133
119 135
126 137
130 139
132 140
136 141
145 144
147 149
150 154
151 156
153 159
155 161
157 164
160 167
162 168
169 175
172 177
174 179
182 185
184 189
181 190
187 192
188 194
193 196
195 201
197 206
199 208
200 211
204 217
207 219
209 220
216 223
222 227
225 231
228 232
230 237
233 239
234 242
235 244
236 247
240 250
245 254
248 257
251 261
252 265
253 266
256 269
258 273
260 276
262 280
263 281
264 283
267 288
268 289
270 292
272 294
274 295
275 297
277 301
279 305
284 309
285 312
286 316
287 317
291 321
293 324
296 328
300 330
304 335
306 336
307 338
310 340
315 345
319 347
320 352
323 353
325 356
326 358
327 360
329 362
331 363
333 366
334 368
339 372
342 375
346 377
349 381
354 388
364 393
367 396
369 398
370 404
378 406
379 408
380 411
382 412
383 415
385 417
386 420
394 424
400 430
401 433
405 436
402 437
407 443
410 445
416 449
418 451
419 454
421 455
423 459
425 462
429 464
432 466
435 468
440 470
441 471
442 472
444 473
450 474
452 475
457 477
460 479
461 480
463 481
465 482
